<?xml version="1.0" encoding="UTF-8"?>
<!DOCTYPE svg PUBLIC "-//W3C//DTD SVG 1.1//EN" "http://www.w3.org/Graphics/SVG/1.1/DTD/svg11.dtd">
<!-- Creator: CorelDRAW X7 -->
<svg xmlns="http://www.w3.org/2000/svg" xml:space="preserve" width="8.5in" height="11in" version="1.1" style="shape-rendering:geometricPrecision; text-rendering:geometricPrecision; image-rendering:optimizeQuality; fill-rule:evenodd; clip-rule:evenodd"
viewBox="0 0 8500 11000"
 xmlns:xlink="http://www.w3.org/1999/xlink">
 <defs>
  <style type="text/css">
   <![CDATA[
    .str0 {stroke:white;stroke-width:6.94488}
    .fil3 {fill:none}
    .fil4 {fill:#003A92}
    .fil1 {fill:#FFCC00}
    .fil0 {fill:white}
    .fil6 {fill:#000066;fill-rule:nonzero}
    .fil7 {fill:#FF6600;fill-rule:nonzero}
    .fil5 {fill:#000066;fill-opacity:0.368627}
    .fil2 {fill:#FF6600;fill-opacity:0.501961}
   ]]>
  </style>
     <clipPath id="id0">
      <path d="M1811 5526c-120,-89 -49,-186 1,-215 -48,47 -52,107 -1,143 6,-104 31,-203 71,-293 197,121 394,155 592,158 151,-13 154,32 143,80 -106,207 -288,417 -247,650 71,201 395,213 813,99 -145,120 -331,191 -534,191 -407,0 -746,-290 -823,-674 163,52 326,15 489,-91l17 119c71,-95 137,-189 180,-282 -119,0 -230,-9 -332,-32l91 85c-169,107 -322,126 -460,62l0 0 0 0z"/>
     </clipPath>
     <clipPath id="id1">
      <path d="M2649 4661c367,0 678,234 793,562l0 0c35,-53 22,-94 -34,-125 57,10 135,67 55,193 -79,150 -243,268 -453,368 1,-38 1,-76 -9,-122 -54,118 -110,226 -167,325 122,12 240,-9 356,-58 -40,-7 -78,-21 -114,-43 160,-70 301,-166 412,-302 0,14 1,27 1,41 0,104 -19,204 -54,296 -232,109 -605,225 -678,98 -63,-162 186,-277 291,-786 13,-66 -38,-157 -136,-134 -339,102 -602,110 -877,-46 154,-164 372,-267 614,-267z"/>
     </clipPath>
 </defs>
 <g id="Layer_x0020_1">
  <metadata id="CorelCorpID_0Corel-Layer"/>
  <polygon class="fil0 str0" points="397,3060 8103,3060 8103,7940 397,7940 "/>
  <g id="_1804621858512">
   <g>
    <path class="fil1" d="M1811 5526c-120,-89 -49,-186 1,-215 -48,47 -52,107 -1,143 6,-104 31,-203 71,-293 197,121 394,155 592,158 151,-13 154,32 143,80 -106,207 -288,417 -247,650 71,201 395,213 813,99 -145,120 -331,191 -534,191 -407,0 -746,-290 -823,-674 163,52 326,15 489,-91l17 119c71,-95 137,-189 180,-282 -119,0 -230,-9 -332,-32l91 85c-169,107 -322,126 -460,62l0 0 0 0z"/>
    <g style="clip-path:url(#id0)">
     <g>
      <g>
       <path id="1" class="fil2" d="M1850 5244c82,57 189,104 330,135l203 91 -51 223c-207,287 -178,493 92,616l-262 8 -748 -471 93 -552 175 -62 168 12z"/>
       <path class="fil2" d="M1821 5365c116,91 294,32 393,132l27 121c-39,164 -235,240 -191,470l-415 -362c0,0 72,-446 74,-469 1,-23 103,12 103,12l21 35 -12 61z"/>
      </g>
     </g>
    </g>
    <path class="fil3" d="M1811 5526c-120,-89 -49,-186 1,-215 -48,47 -52,107 -1,143 6,-104 31,-203 71,-293 197,121 394,155 592,158 151,-13 154,32 143,80 -106,207 -288,417 -247,650 71,201 395,213 813,99 -145,120 -331,191 -534,191 -407,0 -746,-290 -823,-674 163,52 326,15 489,-91l17 119c71,-95 137,-189 180,-282 -119,0 -230,-9 -332,-32l91 85c-169,107 -322,126 -460,62l0 0 0 0z"/>
    <path class="fil4" d="M2649 4661c367,0 678,234 793,562l0 0c35,-53 22,-94 -34,-125 57,10 135,67 55,193 -79,150 -243,268 -453,368 1,-38 1,-76 -9,-122 -54,118 -110,226 -167,325 122,12 240,-9 356,-58 -40,-7 -78,-21 -114,-43 160,-70 301,-166 412,-302 0,14 1,27 1,41 0,104 -19,204 -54,296 -232,109 -605,225 -678,98 -63,-162 186,-277 291,-786 13,-66 -38,-157 -136,-134 -339,102 -602,110 -877,-46 154,-164 372,-267 614,-267z"/>
    <g style="clip-path:url(#id1)">
     <g>
      <g>
       <path id="1" class="fil5" d="M3064 4770c97,122 129,319 -63,767l-53 241 242 26c76,-17 167,-52 276,-108l215 -63 -32 -696 -547 -271 -38 104z"/>
       <path class="fil5" d="M3314 4987c-49,362 -263,492 -186,611l85 94c128,39 205,-68 274,-140l99 -108 13 -335 -149 -145 -136 23z"/>
      </g>
     </g>
    </g>
    <path class="fil3" d="M2649 4661c367,0 678,234 793,562l0 0c35,-53 22,-94 -34,-125 57,10 135,67 55,193 -79,150 -243,268 -453,368 1,-38 1,-76 -9,-122 -54,118 -110,226 -167,325 122,12 240,-9 356,-58 -40,-7 -78,-21 -114,-43 160,-70 301,-166 412,-302 0,14 1,27 1,41 0,104 -19,204 -54,296 -232,109 -605,225 -678,98 -63,-162 186,-277 291,-786 13,-66 -38,-157 -136,-134 -339,102 -602,110 -877,-46 154,-164 372,-267 614,-267z"/>
   </g>
   <g>
    <path class="fil6" d="M4480 5653c-11,0 -21,13 -29,39 -8,26 -12,53 -12,83 0,24 3,44 9,59 6,15 15,23 27,23l0 13 -832 0 631 -1031 -354 0c-12,0 -23,7 -32,22 -10,15 -20,37 -31,66 -18,40 -33,70 -47,90 -13,20 -31,30 -54,30 -17,0 -35,-7 -56,-21 11,0 21,-13 29,-39 8,-26 12,-53 12,-83 0,-24 -3,-44 -9,-59 -6,-15 -15,-23 -27,-23l0 -13 778 0 -631 1031 408 0c12,0 23,-7 33,-22 9,-15 20,-37 31,-66 17,-41 32,-71 46,-90 14,-20 32,-30 54,-30 17,0 36,7 56,21zm570 -83c43,0 74,13 94,38 20,25 30,54 30,86 0,37 -13,70 -41,100 -28,31 -65,55 -110,72 -46,18 -94,26 -144,25 -51,2 -99,-5 -145,-22 -46,-17 -85,-42 -116,-75 -73,-69 -109,-160 -109,-273 0,-114 34,-206 101,-277 29,-29 63,-52 104,-69 41,-17 84,-25 130,-25 45,0 89,8 129,25 41,17 77,40 106,69 50,51 82,119 94,202l-482 0c-3,24 -5,49 -5,74 0,92 17,171 52,236 34,65 82,98 144,98 34,0 65,-14 91,-40 27,-26 41,-56 41,-89 0,-17 -6,-32 -17,-48 -11,-16 -26,-26 -44,-30 0,-19 10,-37 30,-53 19,-16 42,-24 67,-24zm-214 -387c-39,0 -70,22 -93,66 -23,44 -38,96 -46,156l276 0c-8,-74 -24,-128 -46,-163 -25,-39 -55,-59 -91,-59zm933 387c42,0 74,13 94,38 20,25 30,54 30,86 0,37 -14,70 -41,100 -28,31 -65,55 -110,72 -46,18 -94,26 -144,25 -51,2 -99,-5 -145,-22 -46,-17 -85,-42 -116,-75 -73,-69 -109,-160 -109,-273 0,-114 33,-206 101,-277 28,-29 63,-52 104,-69 41,-17 84,-25 130,-25 45,0 88,8 129,25 41,17 76,40 106,69 50,51 82,119 94,202l-483 0c-3,24 -4,49 -4,74 0,92 17,171 52,236 34,65 82,98 144,98 34,0 65,-14 91,-40 27,-26 41,-56 41,-89 0,-17 -6,-32 -17,-48 -11,-16 -26,-26 -44,-30 0,-19 10,-37 29,-53 20,-16 43,-24 68,-24zm-214 -387c-39,0 -70,22 -93,66 -23,44 -38,96 -46,156l276 0c-9,-74 -24,-128 -46,-163 -25,-39 -56,-59 -91,-59zm1174 674l0 13 -388 0 0 -13c14,-3 25,-11 32,-22 8,-12 12,-26 12,-42 0,-27 -10,-54 -29,-81l-140 -197 -42 35 0 220c0,19 6,36 17,49 12,14 27,23 45,28l38 10 0 13 -370 0 0 -13 45 -10c20,-4 35,-13 47,-28 11,-14 17,-31 17,-50l0 -859c0,-19 -6,-36 -17,-51 -12,-14 -27,-24 -47,-28l-45 -9 0 -13 270 0 0 694 130 -109c37,-32 65,-66 86,-101 21,-35 31,-65 31,-92 0,-18 -5,-32 -16,-44 -11,-11 -26,-16 -46,-16 4,-21 16,-40 35,-57 19,-17 44,-25 74,-25 30,0 54,9 72,26 18,18 27,44 27,77 0,29 -17,61 -49,95 -32,34 -81,77 -146,129 4,-2 -12,11 -47,38l237 329c37,53 89,86 153,101l14 3z"/>
    <path class="fil7" d="M3674 5996l0 64 120 0 0 28 -120 0 0 101 -31 0 0 -222 171 0 0 29 -140 0zm289 193l0 -222 32 0 0 222 -32 0zm381 0l-150 -172 0 172 -32 0 0 -222 29 0c19,23 44,52 75,87 38,43 63,71 75,84l0 -171 31 0 0 222 -28 0zm381 0l-32 -65 -109 0 -33 65 -35 0 111 -222 25 0 107 222 -34 0zm-86 -176l-41 82 81 0 -40 -82zm446 176l-150 -172 0 172 -31 0 0 -222 28 0c19,23 44,52 75,87 38,43 63,71 75,84l0 -171 31 0 0 222 -28 0zm399 -159c-9,-13 -20,-23 -32,-28 -12,-6 -27,-9 -46,-9 -29,0 -52,8 -69,24 -18,15 -26,36 -26,61 0,26 8,47 24,62 16,15 39,23 68,23 17,0 32,-3 44,-9 12,-5 24,-15 35,-28l26 16c-27,33 -62,49 -105,49 -37,0 -67,-10 -90,-30 -22,-20 -34,-47 -34,-81 0,-35 12,-63 35,-84 23,-21 54,-31 92,-31 45,0 80,16 105,49l-27 16zm188 159l0 -222 31 0 0 222 -31 0zm384 0l-32 -65 -109 0 -33 65 -35 0 111 -222 25 0 107 222 -34 0zm-86 -176l-41 82 81 0 -40 -82zm265 176l0 -222 31 0 0 194 140 0 0 28 -171 0zm422 2c-30,0 -54,-5 -73,-15 -24,-13 -36,-33 -36,-61l0 -15 32 0 0 14c0,33 25,49 77,49 19,0 34,-3 46,-8 14,-6 21,-15 21,-26 0,-9 -3,-15 -7,-19 -4,-4 -12,-8 -23,-11 -7,-1 -22,-5 -46,-9 -29,-6 -48,-11 -59,-16 -22,-11 -34,-27 -34,-49 0,-40 32,-60 95,-60 66,0 100,27 100,81l-30 0c-2,-23 -9,-38 -21,-44 -10,-6 -27,-9 -49,-9 -42,0 -63,11 -63,32 0,10 5,18 15,23 8,4 23,7 43,11 41,7 68,14 82,22 19,10 28,26 28,48 0,22 -12,39 -35,50 -18,8 -39,12 -63,12z"/>
   </g>
  </g>
 </g>
</svg>
